2
3
4
8
9
11
12
13
14
15
16
17
21
26
22
24
28
25
34
35
19
31
31
29
30
32
33
36
37
39
40
38
42
43
44
45
41
46
48
49
47
50
52
51
53
54
55
56
57
58
62
63
63
60
61
67
68
69
65
66
71
77
78
76
73
75
79
80
81
81
83
84
85
87
86
88
89
90
91
92
93
95
96
94
95
97
99
100
105
106
107
108
109
110
111
112
113
114
115
118
119
120
116
117
121
121
122
123
124
125
127
128
126
132
133
134
130
131
129
135
136
136
147
148
149
139
140
141
137
138
142
142
143
144
145
155
155
156
150
151
152
153
154
158
159
166
167
167
167
167
167
168
168
169
170
171
161
162
164
165
176
177
172
173
174
175
178
179
184
184
185
180
181
182
183
186
187
188
194
189
190
190
191
192
193
206
207
208
208
209
209
195
196
197
198
199
200
201
202
203
204
205
221
222
223
224
211
211
212
213
214
219
220
225
226
215
216
217
217
218
226
228
229
229
230
240
241
231
232
233
234
235
237
238
254
254
255
255
256
257
249
250
251
252
253
242
243
244
245
246
247
248
258
259
263
264
264
265
260
261
262
266
267
268
272
273
274
275
269
270
270
271
276
277
278
287
288
281
282
283
284
285
286
279
280
290
297
298
294
295
295
291
292
292
293
299
312
313
314
315
300
301
302
307
308
309
310
310
311
303
304
304
305
306
325
326
321
322
323
324
316
317
318
319
320
327
327
328
328
328
328
329
330
347
348
349
350
331
332
333
334
339
340
335
336
337
338
345
346
341
342
343
344
344
351
354
352
353
361
362
362
363
364
355
356
357
358
359
360
365
366
367
374
375
376
377
378
379
379
379
380
381
382
369
370
371
372
373
383
384
385
385
386
387
400
401
402
403
404
388
389
390
391
391
391
392
393
394
395
396
398
399
406
408
405
410
411
412
413
414
415
415
409
416
417
418
419
420
421
426
426
427
423
423
424
425
425
422
428
429
429
430
432
433
434
435
436
437
438
439
440
431
441
442
443
444
452
453
454
448
449
445
446
447
455
456
457
462
463
459
460
461
464
465
466
467
476
458
468
473
474
475
472
477
478
478
479
469
470
471
484
484
485
486
486
486
505
480
481
482
483
487
488
489
506
490
492
493
506
507
507
508
494
495
496
497
498
499
500
501
502
503
504
514
515
516
517
517
518
519
520
521
522
509
510
511
512
513
528
529
530
523
524
525
531
531
532
526
527
533
534
535
536
537
543
543
544
545
546
547
548
549
550
551
552
538
539
540
541
542
558
558
559
556
557
560
561
562
553
554
555
567
568
569
570
570
575
563
564
565
566
576
571
572
573
574
574
577
578
583
585
581
582
579
593
594
588
589
590
591
586
587
592
600
601
602
603
604
605
606
595
596
597
598
599
607
608
609
610
611